Queue 1
-------  -------  -------  -------  ---------
83663.1  5502.8   39113.1  34153.6  4893.57
75171.2     0     31792    43378       1.2639
83429.6  5386.92  38668.1  34316.2  5058.43
83483.4  5276.83  38699.4  34501.8  5005.36
83650.2  5540.51  38531.8  34517.3  5060.62
-------  -------  -------  -------  ---------
Queue 2
-------  --------  ----------  ----------  --------  -------  --------
83663.1  2876.72   12707.6     20108.9     22130.8   18327.3   7511.81
75171.2     4.539     16.2544     16.9764   1546.87  34531.3  39055.3
83429.6  2491.1    11743.6     18901.6     22074.3   19406.5   8812.56
83483.4  2471.98   11667.4     18815.6     22590.1   19691.5   8246.73
83650.2  2754.65   12671       20029.8     21762.4   18317.1   8115.24
-------  --------  ----------  ----------  --------  -------  --------

